year,Australia-NZ-Canada,China,France,Germany,India,Japan,Latin-America-and-Africa,Other-W-Eur-and-Near-East,Russia-and-E-Eur,South-Korea,United-Kingdom,United-States
1980,0.00656502449704178,8.221505631731358e-05,0.0082610906588471,0.07542165666383481,6.699004588818143e-05,0.6756372428115113,0.0006546754484526822,0.03168020170093817,0.005876854025645008,0.00014311509803384214,0.006010834117421371,0.1896000998760684
1981,0.006392431967033354,0.00011913045597182023,0.009757867348237276,0.07056855010112552,0.00015703560105376302,0.6957705980619641,0.0007445653498238764,0.03211378041549454,0.0051659297725962046,0.0005008894171542441,0.012357077296713353,0.16635214421283198
1982,0.006071625538601789,0.00014354320020750806,0.011289546781232607,0.06396738295563004,0.00010828697559513766,0.6984736573044602,0.000798301657294387,0.032453354755686954,0.005029048610778835,0.0016948170831518057,0.021685096438365824,0.15828533869899494
1983,0.006225167770056824,0.0001404531160356989,0.015554587460631467,0.06474412536987971,0.00014997536119066153,0.7023917499267978,0.0006760794060023472,0.03293268486843828,0.005046789932130198,0.0020210965341408197,0.0231152501136718,0.14700204014102444
1984,0.006529334440293345,0.00015566625155666251,0.01928748097412481,0.06228595890410959,0.00014918015774180159,0.7125730766569808,0.000594558599695586,0.03271369517088695,0.004618098796180988,0.0012842465753424657,0.017676767676767676,0.14213193579631936
1985,0.006262666837079369,0.007246597324926307,0.019362129022703435,0.05987572045013298,0.00016432653508371525,0.7104789611317026,0.0006248465778491888,0.03280241661442706,0.004351610095735422,0.0006552774176795064,0.015359459223688988,0.14281598876899138
1986,0.006840368085280088,0.005887887164056091,0.02006235834276095,0.06016180512629119,0.00022937295653965625,0.7076563915357491,0.000672568160701026,0.03486274555541301,0.002789408412155989,0.0007658724142086828,0.01548461840504154,0.14458660384180264
1987,0.007406977081941499,0.0064774740755802135,0.02016948906381619,0.05903977982397537,0.0001379731025067534,0.6980458651639702,0.00065174136578848,0.039718099166351994,0.0028720190548116305,0.0009059023440903942,0.01442726638975223,0.1501474133674151
1988,0.007579441275745433,0.007302599121913477,0.02158836411131894,0.06170208234989299,0.00012954793095982595,0.6763590997661039,0.0007897099900975691,0.04015630933916358,0.003456977664516999,0.001157058232682281,0.014681507299049863,0.16509730291855518
1989,0.008300708828449717,0.007234879188727731,0.022278943828363484,0.05943121259679561,0.00018798613386682302,0.6727747788144801,0.0007226255971577876,0.0400945104599624,0.002874980597761413,0.0016418605453322526,0.013057275408309333,0.17140023800079335
1990,0.009599429358882696,0.008911244208612194,0.02102229820351862,0.05160718860459158,0.00017916255736969273,0.6821438558126529,0.0007049293145106602,0.03317521260902544,0.002349206242894195,0.002566880378016252,0.01171254288599066,0.1760280498239351
1991,0.009150426133313069,0.010590969839442153,0.02119350367652525,0.0491767259679479,0.00020154395888503238,0.6793683414088584,0.0008788638207117806,0.0324304053841973,0.0024532194995432223,0.00480731901930692,0.011549129643977552,0.17819955164729145
1992,0.009689626784214242,0.0143055711581443,0.021255476508649236,0.05258957329760853,0.0003068353870066112,0.6529389967656533,0.0007394229818028172,0.03367644124605348,0.0032812942752564926,0.008356653381644537,0.013336440810112489,0.18952366740385404
1993,0.008945789157831566,0.01676655331066213,0.020640928185637127,0.049189037807561516,0.0003984796959391878,0.6569905981196239,0.0009201840368073615,0.034726945389077814,0.003947989597919584,0.013871574314862972,0.012396079215843169,0.18120584116823366
1994,0.009610182522281387,0.015034596657080212,0.021180367702193493,0.05398628789101183,0.0004524299919954694,0.6215043455426155,0.0009016961378930683,0.036475981662348014,0.0036574060891382,0.025014949172812436,0.012391203242309481,0.19979055338832097
1995,0.008931457542815375,0.012663333265383978,0.02043722498711389,0.05226373280759945,0.00043536123333906047,0.5870795269559951,0.0008983875617732453,0.03583212237873224,0.003803222546761291,0.05706289877778522,0.01318168978400841,0.2074110421586928
1996,0.009020795555919359,0.013382742837957266,0.01994231241476236,0.057307440977053994,0.0007977479921029885,0.565631074157266,0.0009170633439653486,0.03788123682848696,0.0038097669327214027,0.07429322996369206,0.012346364142129557,0.20467022485394276
1997,0.010053348447455973,0.013121074797115778,0.030804344124173023,0.05959827272011,0.0007688377968285759,0.5349903799964926,0.0008857519741975494,0.041124561889536435,0.0035824028913384385,0.07492927963075453,0.012558107616958655,0.21758363811503847
1998,0.011131060572475654,0.014415333008231,0.030640894918059436,0.06834414544881362,0.0009753070000443322,0.5214801515173905,0.0009432893460024727,0.04331496012570624,0.0035785885632939763,0.06736637555230453,0.013176496086457518,0.22463339786122072
1999,0.010909653654078807,0.01598945407677423,0.03019640313531111,0.07000003388792811,0.0010561737592217524,0.480056389512364,0.0011092648465837016,0.043897292467504304,0.003612453135819427,0.10626237615374275,0.0131180169688152,0.22379248840185662
2000,0.010997930604946457,0.022924075301870492,0.0278032266489864,0.06690374299318907,0.0015731420649749864,0.4562202398890965,0.0010136017519538705,0.043118759166616435,0.0034084744741124705,0.1367176983505113,0.01221947642296024,0.21709963233078175
2001,0.011468014084493178,0.025016020766457092,0.02754882765395932,0.06727442219420024,0.0018437416635412637,0.45119793989185614,0.0010267071837018356,0.04405095538893302,0.0035585296923126898,0.11941992520689183,0.013495834600721157,0.23409908167293225
2002,0.012185380675677792,0.035490116998449416,0.027796920763700723,0.06580281767350071,0.0027448431406330758,0.4270619606246182,0.0012911726471094961,0.04371583629614547,0.0037834588939182736,0.12974669914013187,0.012618055664322522,0.2377627374817924
2003,0.012164050772690413,0.05000201296348484,0.028204494084763016,0.06547403372959958,0.0030654558212028318,0.4040496991098867,0.0013812763722180366,0.042009589374620175,0.004116989603522878,0.13932678832634549,0.011801717345418782,0.23840389249624727
2004,0.013670465071051149,0.05293318785785155,0.021616953387414175,0.07779861754342014,0.0028965992359240933,0.34673734973118897,0.0016514323951043765,0.041305587511083715,0.004074192495706605,0.19489292059609786,0.010717005138888432,0.2317056890362689
2005,0.013576991631576987,0.07070481317073596,0.02107441389733604,0.07831239840636187,0.0027279204480700476,0.3254174502899505,0.0016770132679012845,0.04201964388036777,0.004011041658245936,0.18767094083138963,0.01043298802393786,0.2423743844941261
2006,0.012965403636305736,0.08609175661171171,0.020483803378068825,0.09819950683119137,0.0030318229224341143,0.2756338854884318,0.0017949202309946535,0.042393410326726146,0.003908294051359326,0.21976337450793493,0.009463137911393183,0.2262706841034482
2007,0.013357825862230993,0.10928175805845315,0.022152670096795415,0.10533476059580867,0.0036562588102621936,0.26523294333239356,0.002045449205901701,0.044822943097453244,0.0046988065031482,0.18481140165397988,0.010474667559439902,0.23413051522413306
2008,0.012810402348599434,0.1445209614964004,0.025301969385649024,0.11188038900988544,0.004496810106617296,0.26757598908258606,0.002117867407637877,0.048332814776707464,0.004924234256158759,0.13875420107880315,0.0107695483012393,0.22851481274971583
2009,0.011091916004752771,0.1789102890529198,0.02570875154076422,0.10907262254330401,0.004734528506319315,0.23878236398046224,0.0020242112159703286,0.04912440173929873,0.0051120851437808645,0.15090526342507324,0.010646145352959933,0.21388742149439455
2010,0.010361054733173024,0.18911320567407178,0.02362656908380948,0.08912065123872134,0.0051526064991506545,0.1997576055064087,0.002130948178870039,0.04204468993359659,0.0053421926360608,0.2316080765073132,0.00937313860883761,0.19236926139998675
2011,0.010298292449372696,0.2365879713079938,0.022125054599828015,0.059976812567822585,0.005235073822873275,0.1872297267827861,0.0027158328760292596,0.039000063143765334,0.005289755021719502,0.2238147036441764,0.00921833877215972,0.19850837501147328
2012,0.010371257197969146,0.244755866711494,0.022118241919887368,0.05819308502954881,0.006412492438544845,0.15811594084056257,0.0029192420819973974,0.03906094769396907,0.00617595056716433,0.23271683162571127,0.009951789612721033,0.20920835428043016
